100
-9965 0 -9965 1
-9520 0 -9520 1
-8191 0 -8191 1
-8436 0 -8436 1
-7540 0 -7540 1
-6966 0 -6966 1
-7936 0 -7936 1
-6783 0 -6783 1
-7979 0 -7979 1
-6823 0 -6823 1
-6271 0 -6271 1
-6303 0 -6303 1
-5269 0 -5269 1
-5220 0 -5220 1
-4360 0 -4360 1
-3194 0 -3194 1
-4024 0 -4024 1
-4321 0 -4321 1
-2563 0 -2563 1
-2027 0 -2027 1
-2092 0 -2092 1
-1356 0 -1356 1
-435 0 -435 1
-332 0 -332 1
-28 0 -28 1
118 0 118 1
1261 0 1261 1
1726 0 1726 1
2596 0 2596 1
2061 0 2061 1
1318 0 1318 1
2578 0 2578 1
3304 0 3304 1
3514 0 3514 1
3228 0 3228 1
5074 0 5074 1
4325 0 4325 1
4310 0 4310 1
5377 0 5377 1
6231 0 6231 1
6484 0 6484 1
7817 0 7817 1
8268 0 8268 1
7514 0 7514 1
7416 0 7416 1
7870 0 7870 1
7581 0 7581 1
8700 0 8700 1
9521 0 9521 1
9640 0 9640 1
0 -9406 1 -9406
0 -9688 1 -9688
0 -8526 1 -8526
0 -8437 1 -8437
0 -9159 1 -9159
0 -8212 1 -8212
0 -6106 1 -6106
0 -7138 1 -7138
0 -5780 1 -5780
0 -6003 1 -6003
0 -4711 1 -4711
0 -4601 1 -4601
0 -4142 1 -4142
0 -3770 1 -3770
0 -3669 1 -3669
0 -4371 1 -4371
0 -3917 1 -3917
0 -3542 1 -3542
0 -3184 1 -3184
0 -2731 1 -2731
0 -2054 1 -2054
0 -1781 1 -1781
0 -362 1 -362
0 -943 1 -943
0 118 1 118
0 995 1 995
0 940 1 940
0 665 1 665
0 1772 1 1772
0 1267 1 1267
0 1779 1 1779
0 3170 1 3170
0 3638 1 3638
0 3494 1 3494
0 3921 1 3921
0 4184 1 4184
0 3657 1 3657
0 5326 1 5326
0 6342 1 6342
0 6094 1 6094
0 5075 1 5075
0 7570 1 7570
0 6701 1 6701
0 7421 1 7421
0 7062 1 7062
0 8081 1 8081
0 9036 1 9036
0 7996 1 7996
0 8429 1 8429
0 9747 1 9747
